Cmd Voltage1 Voltage2 Current
-1 1409286144 20 2
-0.998333 1409286144 20 2
-0.996667 1409286144 20 2
-0.995 1409286144 20 2
-0.993333 1409286144 20 2
-0.991667 3388997632 20 100663298
-0.99 3388997632 20 100663298
-0.988333 3388997632 20 100663298
-0.986667 3388997632 20 100663298
-0.985 3388997632 20 100663298
-0.983333 3388997632 20 100663298
-0.981667 3388997632 20 100663298
-0.98 3388997632 20 100663298
-0.978333 3388997632 20 100663298
-0.976667 3388997632 20 100663298
-0.975 369098752 21 2
-0.973333 369098752 21 2
-0.971667 369098752 21 2
-0.97 369098752 21 2
-0.968333 369098752 21 2
-0.966667 369098752 21 2
-0.965 369098752 21 2
-0.963333 369098752 21 2
-0.961667 369098752 21 2
-0.96 369098752 21 2
-0.958333 2046820352 20 1
-0.956667 2046820352 20 1
-0.955 2046820352 20 1
-0.953333 2046820352 20 1
-0.951667 2046820352 20 1
-0.95 2046820352 20 1
-0.948333 2046820352 20 1
-0.946667 2046820352 20 1
-0.945 2046820352 20 1
-0.943333 2046820352 20 1
-0.941667 2399141888 19 1
-0.94 2399141888 19 1
-0.938333 2399141888 19 1
-0.936667 2399141888 19 1
-0.935 2399141888 19 1
-0.933333 2399141888 19 1
-0.931667 2399141888 19 1
-0.93 2399141888 19 1
-0.928333 2399141888 19 1
-0.926667 2399141888 19 1
-0.925 3036676096 19 2
-0.923333 3036676096 19 2
-0.921667 3036676096 19 2
-0.92 3036676096 19 2
-0.918333 3036676096 19 2
-0.916667 3036676096 19 2
-0.915 3036676096 19 2
-0.913333 3036676096 19 2
-0.911667 3036676096 19 2
-0.91 3036676096 19 2
-0.908333 2566914048 19 50331650
-0.906667 2566914048 19 50331650
-0.905 2566914048 19 50331650
-0.903333 2566914048 19 50331650
-0.901667 2566914048 19 50331650
-0.9 2566914048 19 50331650
-0.898333 2566914048 19 50331650
-0.896667 2566914048 19 50331650
-0.895 2566914048 19 50331650
-0.893333 2566914048 19 50331650
-0.891667 3271557120 19 2
-0.89 3271557120 19 2
-0.888333 3271557120 19 2
-0.886667 3271557120 19 2
-0.885 3271557120 19 2
-0.883333 3271557120 19 2
-0.881667 3271557120 19 2
-0.88 3271557120 19 2
-0.878333 3271557120 19 2
-0.876667 3271557120 19 2
-0.875 2919235584 19 1
-0.873333 2919235584 19 1
-0.871667 2919235584 19 1
-0.87 2919235584 19 1
-0.868333 2919235584 19 1
-0.866667 2919235584 19 1
-0.865 2919235584 19 1
-0.863333 2919235584 19 1
-0.861667 2919235584 19 1
-0.86 2919235584 19 1
-0.858333 4060086272 17 100663298
-0.856667 4060086272 17 100663298
-0.855 4060086272 17 100663298
-0.853333 4060086272 17 100663298
-0.851667 4060086272 17 100663298
-0.85 4060086272 17 100663298
-0.848333 4060086272 17 100663298
-0.846667 4060086272 17 100663298
-0.845 4060086272 17 100663298
-0.843333 4060086272 17 100663298
-0.841667 469762048 18 1
-0.84 469762048 18 1
-0.838333 469762048 18 1
-0.836667 469762048 18 1
-0.835 469762048 18 1
-0.833333 469762048 18 1
-0.831667 469762048 18 1
-0.83 469762048 18 1
-0.828333 469762048 18 1
-0.826667 469762048 18 1
-0.825 234881024 18 2
-0.823333 234881024 18 2
-0.821667 234881024 18 2
-0.82 234881024 18 2
-0.818333 234881024 18 2
-0.816667 234881024 18 2
-0.815 234881024 18 2
-0.813333 234881024 18 2
-0.811667 234881024 18 2
-0.81 234881024 18 2
-0.808333 4009754624 17 2
-0.806667 4009754624 17 2
-0.805 4009754624 17 2
-0.803333 4009754624 17 2
-0.801667 4009754624 17 2
-0.8 4009754624 17 2
-0.798333 4009754624 17 2
-0.796667 4009754624 17 2
-0.795 4009754624 17 2
-0.793333 4009754624 17 2
-0.791667 3238002688 16 1
-0.79 3238002688 16 1
-0.788333 3238002688 16 1
-0.786667 3238002688 16 1
-0.785 3238002688 16 1
-0.783333 3238002688 16 1
-0.781667 3238002688 16 1
-0.78 3238002688 16 1
-0.778333 3238002688 16 1
-0.776667 3238002688 16 1
-0.775 3774873600 16 1
-0.773333 3774873600 16 1
-0.771667 3774873600 16 1
-0.77 3774873600 16 1
-0.768333 3774873600 16 1
-0.766667 3774873600 16 1
-0.765 3774873600 16 1
-0.763333 3774873600 16 1
-0.761667 3774873600 16 1
-0.76 3774873600 16 1
-0.758333 3539992576 16 1
-0.756667 3539992576 16 1
-0.755 3539992576 16 1
-0.753333 3539992576 16 1
-0.751667 3539992576 16 1
-0.75 3539992576 16 1
-0.748333 3539992576 16 1
-0.746667 3539992576 16 1
-0.745 3539992576 16 1
-0.743333 2315255808 16 2
-0.741667 2315255808 16 2
-0.74 2315255808 16 2
-0.738333 2315255808 16 2
-0.736667 2315255808 16 2
-0.735 2315255808 16 2
-0.733333 2315255808 16 2
-0.731667 2315255808 16 2
-0.73 2315255808 16 2
-0.728333 2315255808 16 2
-0.726667 3355443200 15 1
-0.725 3355443200 15 1
-0.723333 3355443200 15 1
-0.721667 3355443200 15 1
-0.72 3355443200 15 1
-0.718333 3355443200 15 1
-0.716667 3355443200 15 1
-0.715 3355443200 15 1
-0.713333 3355443200 15 1
-0.711667 3355443200 15 1
-0.71 3573547008 14 1
-0.708333 3573547008 14 1
-0.706667 3573547008 14 1
-0.705 3573547008 14 1
-0.703333 3573547008 14 1
-0.701667 3573547008 14 1
-0.7 3573547008 14 1
-0.698333 3573547008 14 1
-0.696667 3573547008 14 1
-0.695 3573547008 14 1
-0.693333 1207959552 15 100663298
-0.691667 1207959552 15 100663298
-0.69 1207959552 15 100663298
-0.688333 1207959552 15 100663298
-0.686667 1207959552 15 100663298
-0.685 1207959552 15 100663298
-0.683333 1207959552 15 100663298
-0.681667 1207959552 15 100663298
-0.68 1207959552 15 100663298
-0.678333 1207959552 15 100663298
-0.676667 1090519040 15 1
-0.675 1090519040 15 1
-0.673333 1090519040 15 1
-0.671667 1090519040 15 1
-0.67 1090519040 15 1
-0.668333 1090519040 15 1
-0.666667 1090519040 15 1
-0.665 1090519040 15 1
-0.663333 1090519040 15 1
-0.661667 1090519040 15 1
-0.66 2063597568 14 1
-0.658333 2063597568 14 1
-0.656667 2063597568 14 1
-0.655 2063597568 14 1
-0.653333 2063597568 14 1
-0.651667 2063597568 14 1
-0.65 2063597568 14 1
-0.648333 2063597568 14 1
-0.646667 2063597568 14 1
-0.645 2063597568 14 1
-0.643333 2231369728 13 1
-0.641667 2231369728 13 1
-0.64 2231369728 13 1
-0.638333 2231369728 13 1
-0.636667 2231369728 13 1
-0.635 2231369728 13 1
-0.633333 2231369728 13 1
-0.631667 2231369728 13 1
-0.63 2231369728 13 1
-0.628333 2231369728 13 1
-0.626667 603979776 13 1
-0.625 603979776 13 1
-0.623333 603979776 13 1
-0.621667 603979776 13 1
-0.62 603979776 13 1
-0.618333 603979776 13 1
-0.616667 603979776 13 1
-0.615 603979776 13 1
-0.613333 603979776 13 1
-0.611667 603979776 13 1
-0.61 3221225472 13 1
-0.608333 3221225472 13 1
-0.606667 3221225472 13 1
-0.605 3221225472 13 1
-0.603333 3221225472 13 1
-0.601667 3221225472 13 1
-0.6 3221225472 13 1
-0.598333 3221225472 13 1
-0.596667 3221225472 13 1
-0.595 3221225472 13 1
-0.593333 83886080 13 1
-0.591667 83886080 13 1
-0.59 83886080 13 1
-0.588333 83886080 13 1
-0.586667 83886080 13 1
-0.585 83886080 13 1
-0.583333 83886080 13 1
-0.581667 83886080 13 1
-0.58 83886080 13 1
-0.578333 83886080 13 1
-0.576667 654311424 12 1
-0.575 654311424 12 1
-0.573333 654311424 12 1
-0.571667 654311424 12 1
-0.57 654311424 12 1
-0.568333 654311424 12 1
-0.566667 654311424 12 1
-0.565 654311424 12 1
-0.563333 654311424 12 1
-0.561667 654311424 12 1
-0.56 3909091328 11 1
-0.558333 3909091328 11 1
-0.556667 3909091328 11 1
-0.555 3909091328 11 1
-0.553333 3909091328 11 1
-0.551667 3909091328 11 1
-0.55 3909091328 11 1
-0.548333 3909091328 11 1
-0.546667 3909091328 11 1
-0.545 3909091328 11 1
-0.543333 3724541952 11 1
-0.541667 3724541952 11 1
-0.54 3724541952 11 1
-0.538333 3724541952 11 1
-0.536667 3724541952 11 1
-0.535 3724541952 11 1
-0.533333 3724541952 11 1
-0.531667 3724541952 11 1
-0.53 3724541952 11 1
-0.528333 3724541952 11 1
-0.526667 2684354560 11 1
-0.525 2684354560 11 1
-0.523333 2684354560 11 1
-0.521667 2684354560 11 1
-0.52 2684354560 11 1
-0.518333 2684354560 11 1
-0.516667 2684354560 11 1
-0.515 2684354560 11 1
-0.513333 2684354560 11 1
-0.511667 2684354560 11 1
-0.51 2969567232 10 1
-0.508333 2969567232 10 1
-0.506667 2969567232 10 1
-0.505 2969567232 10 1
-0.503333 2969567232 10 1
-0.501667 2969567232 10 1
-0.5 2969567232 10 1
-0.498333 2969567232 10 1
-0.496667 2969567232 10 1
-0.495 2969567232 10 1
-0.493333 2147483648 10 1
-0.491667 2147483648 10 1
-0.49 2147483648 10 1
-0.488333 2147483648 10 1
-0.486667 2147483648 10 1
-0.485 2147483648 10 1
-0.483333 2147483648 10 1
-0.481667 2147483648 10 1
-0.48 2147483648 10 1
-0.478333 2147483648 10 1
-0.476667 1694498816 10 1
-0.475 1694498816 10 1
-0.473333 1694498816 10 1
-0.471667 1694498816 10 1
-0.47 1694498816 10 1
-0.468333 1694498816 10 1
-0.466667 1694498816 10 1
-0.465 1694498816 10 1
-0.463333 1694498816 10 1
-0.461667 1694498816 10 1
-0.46 1979711488 10 1
-0.458333 1979711488 10 1
-0.456667 1979711488 10 1
-0.455 1979711488 10 1
-0.453333 1979711488 10 1
-0.451667 1979711488 10 1
-0.45 1979711488 10 1
-0.448333 1979711488 10 1
-0.446667 1979711488 10 1
-0.445 1979711488 10 1
-0.443333 184549376 10 1
-0.441667 184549376 10 1
-0.44 184549376 10 1
-0.438333 184549376 10 1
-0.436667 184549376 10 1
-0.435 184549376 10 1
-0.433333 184549376 10 1
-0.431667 184549376 10 1
-0.43 184549376 10 1
-0.428333 184549376 10 1
-0.426667 587202560 9 1
-0.425 587202560 9 1
-0.423333 587202560 9 1
-0.421667 587202560 9 1
-0.42 587202560 9 1
-0.418333 587202560 9 1
-0.416667 587202560 9 1
-0.415 587202560 9 1
-0.413333 587202560 9 1
-0.411667 587202560 9 1
-0.41 50331648 9 1
-0.408333 50331648 9 1
-0.406667 50331648 9 1
-0.405 50331648 9 1
-0.403333 50331648 9 1
-0.401667 50331648 9 1
-0.4 50331648 9 1
-0.398333 50331648 9 1
-0.396667 50331648 9 1
-0.395 50331648 9 1
-0.393333 3539992576 8 1
-0.391667 3539992576 8 1
-0.39 3539992576 8 1
-0.388333 3539992576 8 1
-0.386667 3539992576 8 1
-0.385 3539992576 8 1
-0.383333 3539992576 8 1
-0.381667 3539992576 8 1
-0.38 3539992576 8 1
-0.378333 3539992576 8 1
-0.376667 2785017856 8 1
-0.375 2785017856 8 1
-0.373333 2785017856 8 1
-0.371667 2785017856 8 1
-0.37 2785017856 8 1
-0.368333 2785017856 8 1
-0.366667 2785017856 8 1
-0.365 2785017856 8 1
-0.363333 1392508928 8 1
-0.361667 1392508928 8 1
-0.36 1392508928 8 1
-0.358333 1392508928 8 1
-0.356667 1392508928 8 1
-0.355 1392508928 8 1
-0.353333 1392508928 8 1
-0.351667 1392508928 8 1
-0.35 1392508928 8 1
-0.348333 1392508928 8 1
-0.346667 2483027968 7 1
-0.345 2483027968 7 1
-0.343333 2483027968 7 1
-0.341667 2483027968 7 1
-0.34 2483027968 7 1
-0.338333 2483027968 7 1
-0.336667 2483027968 7 1
-0.335 2483027968 7 1
-0.333333 2483027968 7 1
-0.331667 2483027968 7 1
-0.33 1728053248 7 1
-0.328333 1728053248 7 1
-0.326667 1728053248 7 1
-0.325 1728053248 7 1
-0.323333 1728053248 7 1
-0.321667 1728053248 7 1
-0.32 1728053248 7 1
-0.318333 1728053248 7 1
-0.316667 1728053248 7 1
-0.315 1728053248 7 1
-0.313333 1090519040 7 1
-0.311667 1090519040 7 1
-0.31 1090519040 7 1
-0.308333 1090519040 7 1
-0.306667 1090519040 7 1
-0.305 1090519040 7 1
-0.303333 1090519040 7 1
-0.301667 1090519040 7 1
-0.3 1090519040 7 1
-0.298333 1090519040 7 1
-0.296667 4043309056 6 1
-0.295 4043309056 6 1
-0.293333 4043309056 6 1
-0.291667 4043309056 6 1
-0.29 4043309056 6 1
-0.288333 4043309056 6 1
-0.286667 4043309056 6 1
-0.285 4043309056 6 1
-0.283333 4043309056 6 1
-0.281667 4043309056 6 1
-0.28 3925868544 5 1
-0.278333 3925868544 5 1
-0.276667 3925868544 5 1
-0.275 3925868544 5 1
-0.273333 3925868544 5 1
-0.271667 3925868544 5 1
-0.27 3925868544 5 1
-0.268333 3925868544 5 1
-0.266667 3925868544 5 1
-0.265 3925868544 5 1
-0.263333 100663296 6 1
-0.261667 100663296 6 1
-0.26 100663296 6 1
-0.258333 100663296 6 1
-0.256667 100663296 6 1
-0.255 100663296 6 1
-0.253333 100663296 6 1
-0.251667 100663296 6 1
-0.25 100663296 6 1
-0.248333 100663296 6 1
-0.246667 3170893824 5 1
-0.245 3170893824 5 1
-0.243333 3170893824 5 1
-0.241667 3170893824 5 1
-0.24 3170893824 5 1
-0.238333 3170893824 5 1
-0.236667 3170893824 5 1
-0.235 3170893824 5 1
-0.233333 3170893824 5 1
-0.231667 3170893824 5 1
-0.23 1778384896 5 1
-0.228333 1778384896 5 1
-0.226667 1778384896 5 1
-0.225 1778384896 5 1
-0.223333 1778384896 5 1
-0.221667 1778384896 5 1
-0.22 1778384896 5 1
-0.218333 1778384896 5 1
-0.216667 1778384896 5 1
-0.215 1778384896 5 1
-0.213333 2516582400 4 1
-0.211667 2516582400 4 1
-0.21 2516582400 4 1
-0.208333 2516582400 4 1
-0.206667 2516582400 4 1
-0.205 2516582400 4 1
-0.203333 2516582400 4 1
-0.201667 2516582400 4 1
-0.2 2516582400 4 1
-0.198333 2516582400 4 1
-0.196667 1124073472 4 1
-0.195 1124073472 4 1
-0.193333 1124073472 4 1
-0.191667 1124073472 4 1
-0.19 1124073472 4 1
-0.188333 1124073472 4 1
-0.186667 1124073472 4 1
-0.185 1124073472 4 1
-0.183333 1124073472 4 1
-0.181667 1124073472 4 1
-0.18 134217728 4 1
-0.178333 134217728 4 1
-0.176667 134217728 4 1
-0.175 134217728 4 1
-0.173333 134217728 4 1
-0.171667 134217728 4 1
-0.17 134217728 4 1
-0.168333 134217728 4 1
-0.166667 134217728 4 1
-0.165 134217728 4 1
-0.163333 16777216 4 1
-0.161667 16777216 4 1
-0.16 16777216 4 1
-0.158333 16777216 4 1
-0.156667 16777216 4 1
-0.155 16777216 4 1
-0.153333 16777216 4 1
-0.151667 16777216 4 1
-0.15 16777216 4 1
-0.148333 16777216 4 1
-0.146667 939524096 3 1
-0.145 939524096 3 1
-0.143333 939524096 3 1
-0.141667 939524096 3 1
-0.14 939524096 3 1
-0.138333 939524096 3 1
-0.136667 939524096 3 1
-0.135 939524096 3 1
-0.133333 939524096 3 1
-0.131667 939524096 3 1
-0.13 4009754624 2 1
-0.128333 4009754624 2 1
-0.126667 4009754624 2 1
-0.125 4009754624 2 1
-0.123333 4009754624 2 1
-0.121667 4009754624 2 1
-0.12 4009754624 2 1
-0.118333 4009754624 2 1
-0.116667 4009754624 2 1
-0.115 2734686208 2 1
-0.113333 2734686208 2 1
-0.111667 2734686208 2 1
-0.11 2734686208 2 1
-0.108333 2734686208 2 1
-0.106667 2734686208 2 1
-0.105 2734686208 2 1
-0.103333 2734686208 2 1
-0.101667 2734686208 2 1
-0.1 2734686208 2 1
-0.0983334 1409286144 2 1
-0.0966667 1409286144 2 1
-0.095 1409286144 2 1
-0.0933333 1409286144 2 1
-0.0916666 1409286144 2 1
-0.09 1409286144 2 1
-0.0883333 1409286144 2 1
-0.0866666 1409286144 2 1
-0.085 1409286144 2 1
-0.0833333 1409286144 2 1
-0.0816666 3539992576 1 1
-0.08 3539992576 1 1
-0.0783333 3539992576 1 1
-0.0766667 3539992576 1 1
-0.075 3539992576 1 1
-0.0733333 3539992576 1 1
-0.0716667 3539992576 1 1
-0.07 3539992576 1 1
-0.0683333 3539992576 1 1
-0.0666667 3539992576 1 1
-0.065 2147483648 1 1
-0.0633333 2147483648 1 1
-0.0616667 2147483648 1 1
-0.06 2147483648 1 1
-0.0583333 2147483648 1 1
-0.0566667 2147483648 1 1
-0.055 2147483648 1 1
-0.0533333 2147483648 1 1
-0.0516667 2147483648 1 1
-0.05 2147483648 1 1
-0.0483333 520093696 1 1
-0.0466667 520093696 1 1
-0.045 520093696 1 1
-0.0433334 520093696 1 1
-0.0416667 520093696 1 1
-0.04 520093696 1 1
-0.0383334 520093696 1 1
-0.0366667 520093696 1 1
-0.035 520093696 1 1
-0.0333334 520093696 1 1
-0.0316667 3422552064 0 1
-0.03 3422552064 0 1
-0.0283333 3422552064 0 1
-0.0266666 3422552064 0 1
-0.025 3422552064 0 1
-0.0233333 3422552064 0 1
-0.0216666 3422552064 0 1
-0.02 3422552064 0 1
-0.0183333 3422552064 0 1
-0.0166667 3422552064 0 1
-0.015 2197815296 0 1
-0.0133333 2197815296 0 1
-0.0116667 2197815296 0 1
-0.00999999 2197815296 0 1
-0.00833333 2197815296 0 1
-0.00666666 2197815296 0 1
-0.005 2197815296 0 1
-0.00333333 2197815296 0 1
-0.00166667 2197815296 0 1
0 2197815296 0 1
0.00166667 402653184 0 1
0.00333333 402653184 0 1
0.005 402653184 0 1
0.00666666 402653184 0 1
0.00833333 402653184 0 1
0.00999999 402653184 0 1
0.0116667 402653184 0 1
0.0133333 402653184 0 1
0.015 402653184 0 1
0.0166667 402653184 0 1
0.0183333 0 0 1
0.02 0 0 1
0.0216666 0 0 1
0.0233333 0 0 1
0.025 0 0 1
0.0266666 0 0 1
0.0283333 0 0 1
0.03 0 0 1
0.0316666 0 0 1
0.0333333 0 0 1
0.035 0 0 687865857
0.0366666 0 0 687865857
0.0383333 0 0 687865857
0.04 0 0 687865857
0.0416666 0 0 687865857
0.0433333 0 0 687865857
0.045 0 0 687865857
0.0466666 0 0 687865857
0.0483333 0 0 687865857
0.05 0 0 687865857
0.0516666 0 0 2147483649
0.0533333 0 0 2147483649
0.0549999 0 0 2147483649
0.0566666 0 0 2147483649
0.0583333 0 0 2147483649
0.0599999 0 0 2147483649
0.0616666 0 0 2147483649
0.0633334 0 0 2147483649
0.0650001 0 0 2147483649
0.0666667 0 0 2147483649
0.0683334 0 0 3472883713
0.0700001 0 0 3472883713
0.0716667 0 0 3472883713
0.0733334 0 0 3472883713
0.075 0 0 3472883713
0.0766667 0 0 3472883713
0.0783334 0 0 3472883713
0.08 0 0 3472883713
0.0816667 0 0 3472883713
0.0833334 0 0 3472883713
0.085 1 0 352321537
0.0866667 1 0 352321537
0.0883334 1 0 352321537
0.09 1 0 352321537
0.0916667 1 0 352321537
0.0933334 1 0 352321537
0.095 1 0 352321537
0.0966667 1 0 352321537
0.0983334 1 0 352321537
0.1 1 0 352321537
0.101667 1 0 2097152001
0.103333 1 0 2097152001
0.105 1 0 2097152001
0.106667 1 0 2097152001
0.108333 1 0 2097152001
0.11 1 0 2097152001
0.111667 1 0 2097152001
0.113333 1 0 2097152001
0.115 1 0 2097152001
0.116667 1 0 2097152001
0.118333 2 0 419430401
0.12 2 0 419430401
0.121667 2 0 419430401
0.123333 2 0 419430401
0.125 2 0 419430401
0.126667 2 0 419430401
0.128333 2 0 419430401
0.13 2 0 419430401
0.131667 2 0 419430401
0.133333 2 0 419430401
0.135 2 0 587202561
0.136667 2 0 587202561
0.138333 2 0 587202561
0.14 2 0 587202561
0.141667 2 0 587202561
0.143333 2 0 587202561
0.145 2 0 587202561
0.146667 2 0 587202561
0.148333 2 0 587202561
0.15 2 0 587202561
0.151667 2 0 2566914049
0.153333 2 0 2566914049
0.155 2 0 2566914049
0.156667 2 0 2566914049
0.158333 2 0 2566914049
0.16 2 0 2566914049
0.161667 2 0 2566914049
0.163333 2 0 2566914049
0.165 2 0 2566914049
0.166667 2 0 2566914049
0.168333 3 0 469762049
0.17 3 0 469762049
0.171667 3 0 469762049
0.173333 3 0 469762049
0.175 3 0 469762049
0.176667 3 0 469762049
0.178333 3 0 469762049
0.18 3 0 469762049
0.181667 3 0 469762049
0.183333 3 0 469762049
0.185 3 0 1526726657
0.186667 3 0 1526726657
0.188333 3 0 1526726657
0.19 3 0 1526726657
0.191667 3 0 1526726657
0.193333 3 0 1526726657
0.195 3 0 1526726657
0.196667 3 0 1526726657
0.198333 3 0 1526726657
0.2 3 0 1526726657
0.201667 3 0 2634022913
0.203333 3 0 2634022913
0.205 3 0 2634022913
0.206667 3 0 2634022913
0.208333 3 0 2634022913
0.21 3 0 2634022913
0.211667 3 0 2634022913
0.213333 3 0 2634022913
0.215 3 0 2634022913
0.216667 3 0 2634022913
0.218333 4 0 16777217
0.22 4 0 16777217
0.221667 4 0 16777217
0.223333 4 0 16777217
0.225 4 0 16777217
0.226667 4 0 16777217
0.228333 4 0 16777217
0.23 4 0 16777217
0.231667 4 0 16777217
0.233333 4 0 16777217
0.235 4 0 2113929217
0.236667 4 0 2113929217
0.238333 4 0 2113929217
0.24 4 0 2113929217
0.241667 4 0 2113929217
0.243333 4 0 2113929217
0.245 4 0 2113929217
0.246667 4 0 2113929217
0.248333 4 0 2113929217
0.25 4 0 2919235585
0.251667 4 0 2919235585
0.253333 4 0 2919235585
0.255 4 0 2919235585
0.256667 4 0 2919235585
0.258333 4 0 2919235585
0.26 4 0 2919235585
0.261667 4 0 2919235585
0.263333 4 0 2919235585
0.265 4 0 2919235585
0.266667 5 0 33554433
0.268333 5 0 33554433
0.27 5 0 33554433
0.271667 5 0 33554433
0.273333 5 0 33554433
0.275 5 0 33554433
0.276667 5 0 33554433
0.278333 5 0 33554433
0.28 5 0 33554433
0.281667 5 0 33554433
0.283333 5 0 2231369729
0.285 5 0 2231369729
0.286667 5 0 2231369729
0.288333 5 0 2231369729
0.29 5 0 2231369729
0.291667 5 0 2231369729
0.293333 5 0 2231369729
0.295 5 0 2231369729
0.296667 5 0 2231369729
0.298333 5 0 2231369729
0.3 5 0 4160749569
0.301667 5 0 4160749569
0.303333 5 0 4160749569
0.305 5 0 4160749569
0.306667 5 0 4160749569
0.308333 5 0 4160749569
0.31 5 0 4160749569
0.311667 5 0 4160749569
0.313333 5 0 4160749569
0.315 5 0 4160749569
0.316667 6 0 2130706433
0.318333 6 0 2130706433
0.32 6 0 2130706433
0.321667 6 0 2130706433
0.323333 6 0 2130706433
0.325 6 0 2130706433
0.326667 6 0 2130706433
0.328333 6 0 2130706433
0.33 6 0 2130706433
0.331667 6 0 2130706433
0.333333 7 0 218103809
0.335 7 0 218103809
0.336667 7 0 218103809
0.338333 7 0 218103809
0.34 7 0 218103809
0.341667 7 0 218103809
0.343333 7 0 218103809
0.345 7 0 218103809
0.346667 7 0 218103809
0.348333 7 0 218103809
0.35 6 0 4110417921
0.351667 6 0 4110417921
0.353333 6 0 4110417921
0.355 6 0 4110417921
0.356667 6 0 4110417921
0.358333 6 0 4110417921
0.36 6 0 4110417921
0.361667 6 0 4110417921
0.363333 6 0 4110417921
0.365 7 0 1962934273
0.366667 7 0 1962934273
0.368333 7 0 1962934273
0.37 7 0 1962934273
0.371667 7 0 1962934273
0.373333 7 0 1962934273
0.375 7 0 1962934273
0.376667 7 0 1962934273
0.378333 7 0 1962934273
0.38 7 0 1962934273
0.381667 8 0 100663297
0.383333 8 0 100663297
0.385 8 0 100663297
0.386667 8 0 100663297
0.388333 8 0 100663297
0.39 8 0 100663297
0.391667 8 0 100663297
0.393333 8 0 100663297
0.395 8 0 100663297
0.396667 8 0 100663297
0.398333 8 0 1912602625
0.4 8 0 1912602625
0.401667 8 0 1912602625
0.403333 8 0 1912602625
0.405 8 0 1912602625
0.406667 8 0 1912602625
0.408333 8 0 1912602625
0.41 8 0 1912602625
0.411667 8 0 1912602625
0.413333 8 0 1912602625
0.415 8 0 1728053249
0.416667 8 0 1728053249
0.418333 8 0 1728053249
0.42 8 0 1728053249
0.421667 8 0 1728053249
0.423333 8 0 1728053249
0.425 8 0 1728053249
0.426667 8 0 1728053249
0.428333 8 0 1728053249
0.43 8 0 1728053249
0.431667 8 0 3942645761
0.433333 8 0 3942645761
0.435 8 0 3942645761
0.436667 8 0 3942645761
0.438333 8 0 3942645761
0.44 8 0 3942645761
0.441667 8 0 3942645761
0.443333 8 0 3942645761
0.445 8 0 3942645761
0.446667 8 0 3942645761
0.448333 9 0 1795162113
0.45 9 0 1795162113
0.451667 9 0 1795162113
0.453333 9 0 1795162113
0.455 9 0 1795162113
0.456667 9 0 1795162113
0.458333 9 0 1795162113
0.46 9 0 1795162113
0.461667 9 0 1795162113
0.463333 9 0 1795162113
0.465 9 0 2902458369
0.466667 9 0 2902458369
0.468333 9 0 2902458369
0.47 9 0 2902458369
0.471667 9 0 2902458369
0.473333 9 0 2902458369
0.475 9 0 2902458369
0.476667 9 0 2902458369
0.478333 9 0 2902458369
0.48 9 0 2902458369
0.481667 9 0 1979711489
0.483333 9 0 1979711489
0.485 9 0 1979711489
0.486667 9 0 1979711489
0.488333 9 0 1979711489
0.49 9 0 1979711489
0.491667 9 0 1979711489
0.493333 9 0 1979711489
0.495 9 0 1979711489
0.496667 9 0 1979711489
0.498333 9 0 4009754625
0.5 9 0 4009754625
0.501667 9 0 4009754625
0.503333 9 0 4009754625
0.505 9 0 4009754625
0.506667 9 0 4009754625
0.508333 9 0 4009754625
0.51 9 0 4009754625
0.511667 9 0 4009754625
0.513333 9 0 4009754625
0.515 11 0 251658241
0.516667 11 0 251658241
0.518333 11 0 251658241
0.52 11 0 251658241
0.521667 11 0 251658241
0.523333 11 0 251658241
0.525 11 0 251658241
0.526667 11 0 251658241
0.528333 11 0 251658241
0.53 11 0 251658241
0.531667 10 0 3892314113
0.533333 10 0 3892314113
0.535 10 0 3892314113
0.536667 10 0 3892314113
0.538333 10 0 3892314113
0.54 10 0 3892314113
0.541667 10 0 3892314113
0.543333 10 0 3892314113
0.545 10 0 3892314113
0.546667 10 0 3892314113
0.548333 10 0 3254779905
0.55 10 0 3254779905
0.551667 10 0 3254779905
0.553333 10 0 3254779905
0.555 10 0 3254779905
0.556667 10 0 3254779905
0.558333 10 0 3254779905
0.56 10 0 3254779905
0.561667 10 0 3254779905
0.563333 10 0 3254779905
0.565 11 0 1124073473
0.566667 11 0 1124073473
0.568333 11 0 1124073473
0.57 11 0 1124073473
0.571667 11 0 1124073473
0.573333 11 0 1124073473
0.575 11 0 1124073473
0.576667 11 0 1124073473
0.578333 11 0 1124073473
0.58 11 0 1124073473
0.581667 335544331 0 3674210305
0.583333 335544331 0 3674210305
0.585 335544331 0 3674210305
0.586667 335544331 0 3674210305
0.588333 335544331 0 3674210305
0.59 335544331 0 3674210305
0.591667 335544331 0 3674210305
0.593333 335544331 0 3674210305
0.595 335544331 0 3674210305
0.596667 335544331 0 3674210305
0.598333 12 0 1241513985
0.6 12 0 1241513985
0.601667 12 0 1241513985
0.603333 12 0 1241513985
0.605 12 0 1241513985
0.606667 12 0 1241513985
0.608333 12 0 1241513985
0.61 12 0 1241513985
0.611667 12 0 1241513985
0.613333 12 0 1241513985
0.615 12 0 369098753
0.616667 12 0 369098753
0.618333 12 0 369098753
0.62 12 0 369098753
0.621667 12 0 369098753
0.623333 12 0 369098753
0.625 12 0 369098753
0.626667 12 0 369098753
0.628333 12 0 369098753
0.63 12 0 369098753
0.631667 12 0 3103784961
0.633333 12 0 3103784961
0.635 12 0 3103784961
0.636667 12 0 3103784961
0.638333 12 0 3103784961
0.64 12 0 3103784961
0.641667 12 0 3103784961
0.643333 12 0 3103784961
0.645 12 0 3103784961
0.646667 13 0 1879048193
0.648333 13 0 1879048193
0.65 13 0 1879048193
0.651667 13 0 1879048193
0.653333 13 0 1879048193
0.655 13 0 1879048193
0.656667 13 0 1879048193
0.658333 13 0 1879048193
0.66 13 0 1879048193
0.661667 13 0 1879048193
0.663333 13 0 3858759681
0.665 13 0 3858759681
0.666667 13 0 3858759681
0.668333 13 0 3858759681
0.67 13 0 3858759681
0.671667 13 0 3858759681
0.673333 13 0 3858759681
0.675 13 0 3858759681
0.676667 13 0 3858759681
0.678333 13 0 3858759681
0.68 14 0 1946157058
0.681667 14 0 1946157058
0.683333 14 0 1946157058
0.685 14 0 1946157058
0.686667 14 0 1946157058
0.688333 14 0 1946157058
0.69 14 0 1946157058
0.691667 14 0 1946157058
0.693333 14 0 1946157058
0.695 14 0 1946157058
0.696667 14 0 150994945
0.698333 14 0 150994945
0.7 14 0 150994945
0.701667 14 0 150994945
0.703333 14 0 150994945
0.705 14 0 150994945
0.706667 14 0 150994945
0.708333 14 0 150994945
0.71 14 0 150994945
0.711667 14 0 150994945
0.713333 14 0 3003121666
0.715 14 0 3003121666
0.716667 14 0 3003121666
0.718333 14 0 3003121666
0.72 14 0 3003121666
0.721667 14 0 3003121666
0.723333 14 0 3003121666
0.725 14 0 3003121666
0.726667 14 0 3003121666
0.728333 14 0 3003121666
0.73 15 0 1962934274
0.731667 15 0 1962934274
0.733333 15 0 1962934274
0.735 15 0 1962934274
0.736667 15 0 1962934274
0.738333 15 0 1962934274
0.74 15 0 1962934274
0.741667 15 0 1962934274
0.743333 15 0 1962934274
0.745 15 0 1962934274
0.746667 15 0 3120562177
0.748333 15 0 3120562177
0.75 15 0 3120562177
0.751667 15 0 3120562177
0.753333 15 0 3120562177
0.755 15 0 3120562177
0.756667 15 0 3120562177
0.758333 15 0 3120562177
0.76 15 0 3120562177
0.761667 15 0 3120562177
0.763333 15 0 2365587458
0.765 15 0 2365587458
0.766667 15 0 2365587458
0.768333 15 0 2365587458
0.77 15 0 2365587458
0.771667 15 0 2365587458
0.773333 15 0 2365587458
0.775 15 0 2365587458
0.776667 15 0 2365587458
0.778333 15 0 2365587458
0.78 16 0 1040187394
0.781667 16 0 1040187394
0.783333 16 0 1040187394
0.785 16 0 1040187394
0.786667 16 0 1040187394
0.788333 16 0 1040187394
0.79 16 0 1040187394
0.791667 16 0 1040187394
0.793333 16 0 1040187394
0.795 16 0 1040187394
0.796667 16 0 3892314114
0.798333 16 0 3892314114
0.8 16 0 3892314114
0.801667 16 0 3892314114
0.803333 16 0 3892314114
0.805 16 0 3892314114
0.806667 16 0 3892314114
0.808333 16 0 3892314114
0.81 16 0 3892314114
0.811667 16 0 3892314114
0.813333 16 0 4177526786
0.815 16 0 4177526786
0.816667 16 0 4177526786
0.818333 16 0 4177526786
0.82 16 0 4177526786
0.821667 16 0 4177526786
0.823333 16 0 4177526786
0.825 16 0 4177526786
0.826667 16 0 4177526786
0.828333 16 0 4177526786
0.83 16 0 3657433089
0.831667 16 0 3657433089
0.833333 16 0 3657433089
0.835 16 0 3657433089
0.836667 16 0 3657433089
0.838333 16 0 3657433089
0.84 16 0 3657433089
0.841667 16 0 3657433089
0.843333 16 0 3657433089
0.845 16 0 3657433089
0.846667 16 0 3774873602
0.848333 16 0 3774873602
0.85 16 0 3774873602
0.851667 16 0 3774873602
0.853333 16 0 3774873602
0.855 16 0 3774873602
0.856667 16 0 3774873602
0.858333 16 0 3774873602
0.86 16 0 3774873602
0.861667 16 0 3774873602
0.863333 18 0 1577058306
0.865 18 0 1577058306
0.866667 18 0 1577058306
0.868333 18 0 1577058306
0.87 18 0 1577058306
0.871667 18 0 1577058306
0.873333 18 0 1577058306
0.875 18 0 1577058306
0.876667 18 0 1577058306
0.878333 18 0 1577058306
0.88 18 0 1342177281
0.881667 18 0 1342177281
0.883333 18 0 1342177281
0.885 18 0 1342177281
0.886667 18 0 1342177281
0.888333 18 0 1342177281
0.89 18 0 1342177281
0.891667 18 0 1342177281
0.893333 18 0 1342177281
0.895 18 0 1342177281
0.896667 18 0 1174405121
0.898333 18 0 1174405121
0.9 18 0 1174405121
0.901667 18 0 1174405121
0.903333 18 0 1174405121
0.905 18 0 1174405121
0.906667 18 0 1174405121
0.908333 18 0 1174405121
0.91 18 0 1174405121
0.911667 18 0 1174405121
0.913333 18 0 117440514
0.915 18 0 117440514
0.916667 18 0 117440514
0.918333 18 0 117440514
0.92 18 0 117440514
0.921667 18 0 117440514
0.923333 18 0 117440514
0.925 18 0 117440514
0.926667 18 0 117440514
0.928333 18 0 117440514
0.93 19 0 939524098
0.931667 19 0 939524098
0.933333 19 0 939524098
0.935 19 0 939524098
0.936667 19 0 939524098
0.938333 19 0 939524098
0.94 19 0 939524098
0.941667 19 0 939524098
0.943333 19 0 939524098
0.945 19 0 939524098
0.946667 50331667 0 1526726658
0.948333 50331667 0 1526726658
0.95 50331667 0 1526726658
0.951667 50331667 0 1526726658
0.953333 50331667 0 1526726658
0.955 50331667 0 1526726658
0.956667 50331667 0 1526726658
0.958333 50331667 0 1526726658
0.96 50331667 0 1526726658
0.961667 50331667 0 1526726658
0.963333 19 0 2097152001
0.965 19 0 2097152001
0.966667 19 0 2097152001
0.968333 19 0 2097152001
0.97 19 0 2097152001
0.971667 19 0 2097152001
0.973333 19 0 2097152001
0.975 19 0 2097152001
0.976667 19 0 2097152001
0.978333 19 0 2097152001
0.98 19 0 3036676098
0.981667 19 0 3036676098
0.983333 19 0 3036676098
0.985 19 0 3036676098
0.986667 19 0 3036676098
0.988333 19 0 3036676098
0.99 19 0 3036676098
0.991667 19 0 3036676098
0.993333 19 0 3036676098
0.995 19 0 3036676098
0.996667 20 0 1996488706
0.998333 20 0 1996488706
