Cmd Voltage1 Voltage2 Current
-1 44 5564 568
-0.998333 41 5547 566
-0.996667 41 5547 566
-0.995 41 5547 566
-0.993333 41 5532 567
-0.991667 41 5532 567
-0.99 39 5540 571
-0.988333 39 5540 571
-0.986667 39 5540 571
-0.985 39 5540 571
-0.983333 39 5540 571
-0.981667 41 5525 576
-0.98 41 5525 576
-0.978333 41 5525 576
-0.976667 40 5527 576
-0.975 40 5527 576
-0.973333 40 5485 580
-0.971667 40 5485 580
-0.97 40 5485 580
-0.968333 40 5485 580
-0.966667 40 5485 580
-0.965 43 5490 590
-0.963333 43 5490 590
-0.961667 43 5490 590
-0.96 45 5487 595
-0.958333 45 5487 595
-0.956667 48 5449 590
-0.955 48 5449 590
-0.953333 48 5449 590
-0.951667 48 5449 590
-0.95 48 5449 590
-0.948333 46 5441 592
-0.946667 46 5441 592
-0.945 46 5441 592
-0.943333 45 5433 589
-0.941667 45 5421 593
-0.94 44 5391 596
-0.938333 44 5391 596
-0.936667 44 5391 596
-0.935 44 5391 596
-0.933333 44 5391 596
-0.931667 46 5387 593
-0.93 46 5387 593
-0.928333 46 5387 593
-0.926667 43 5378 591
-0.925 45 5374 589
-0.923333 41 5323 569
-0.921667 41 5323 569
-0.92 41 5323 569
-0.918333 41 5323 569
-0.916667 41 5323 569
-0.915 41 5298 570
-0.913333 41 5298 570
-0.911667 41 5298 570
-0.91 43 5274 573
-0.908333 40 5264 576
-0.906667 43 5202 577
-0.905 43 5202 577
-0.903333 43 5202 577
-0.901667 43 5202 577
-0.9 43 5202 577
-0.898333 41 5123 574
-0.896667 41 5123 574
-0.895 41 5123 574
-0.893333 35 5089 561
-0.891667 34 5083 562
-0.89 53 4993 572
-0.888333 53 4993 572
-0.886667 53 4993 572
-0.885 53 4993 572
-0.883333 53 4993 572
-0.881667 50 4992 564
-0.88 50 4992 564
-0.878333 50 4992 564
-0.876667 57 4938 576
-0.875 54 4917 564
-0.873333 37 4849 569
-0.871667 37 4849 569
-0.87 37 4849 569
-0.868333 37 4849 569
-0.866667 37 4849 569
-0.865 43 4842 571
-0.863333 43 4842 571
-0.861667 43 4842 571
-0.86 37 4842 564
-0.858333 32 4911 563
-0.856667 35 4905 564
-0.855 35 4905 564
-0.853333 35 4905 564
-0.851667 35 4905 564
-0.85 35 4905 564
-0.848333 37 4891 568
-0.846667 37 4891 568
-0.845 37 4891 568
-0.843333 41 4878 568
-0.841667 39 4857 560
-0.84 43 4814 561
-0.838333 43 4814 561
-0.836667 43 4814 561
-0.835 43 4814 561
-0.833333 43 4814 561
-0.831667 41 4815 558
-0.83 41 4815 558
-0.828333 41 4815 558
-0.826667 43 4809 560
-0.825 39 4753 557
-0.823333 41 4745 549
-0.821667 41 4745 549
-0.82 41 4745 549
-0.818333 41 4745 549
-0.816667 41 4745 549
-0.815 32 4712 540
-0.813333 32 4712 540
-0.811667 32 4712 540
-0.81 25 4674 530
-0.808333 24 4674 530
-0.806667 18 4604 531
-0.805 18 4604 531
-0.803333 18 4604 531
-0.801667 18 4604 531
-0.8 18 4604 531
-0.798333 19 4572 533
-0.796667 19 4572 533
-0.795 18 4535 535
-0.793333 18 4535 535
-0.791667 20 4498 541
-0.79 25 4473 544
-0.788333 25 4473 544
-0.786667 25 4473 544
-0.785 25 4473 544
-0.783333 25 4473 544
-0.781667 26 4435 547
-0.78 26 4435 547
-0.778333 27 4417 545
-0.776667 27 4417 545
-0.775 29 4375 548
-0.773333 31 4367 550
-0.771667 31 4367 550
-0.77 31 4367 550
-0.768333 31 4367 550
-0.766667 31 4367 550
-0.765 34 4355 551
-0.763333 34 4355 551
-0.761667 38 4344 553
-0.76 38 4344 553
-0.758333 41 4311 550
-0.756667 41 4303 553
-0.755 41 4303 553
-0.753333 41 4303 553
-0.751667 41 4303 553
-0.75 41 4303 553
-0.748333 39 4296 551
-0.746667 39 4296 551
-0.745 41 4225 552
-0.743333 41 4225 552
-0.741667 41 4175 547
-0.74 37 4200 546
-0.738333 37 4200 546
-0.736667 37 4200 546
-0.735 37 4200 546
-0.733333 37 4200 546
-0.731667 41 4230 557
-0.73 41 4230 557
-0.728333 39 4317 560
-0.726667 39 4317 560
-0.725 39 4286 572
-0.723333 37 4256 562
-0.721667 37 4256 562
-0.72 37 4256 562
-0.718333 37 4256 562
-0.716667 37 4256 562
-0.715 33 4232 552
-0.713333 33 4232 552
-0.711667 33 4205 551
-0.71 33 4205 551
-0.708333 32 4121 536
-0.706667 32 4089 536
-0.705 32 4089 536
-0.703333 32 4089 536
-0.701667 32 4089 536
-0.7 32 4089 536
-0.698333 35 4060 535
-0.696667 35 4060 535
-0.695 33 4029 528
-0.693333 33 4029 528
-0.691667 39 4012 530
-0.69 37 3982 524
-0.688333 37 3982 524
-0.686667 37 3982 524
-0.685 37 3982 524
-0.683333 37 3982 524
-0.681667 33 3950 521
-0.68 33 3950 521
-0.678333 35 3917 520
-0.676667 35 3917 520
-0.675 31 3892 522
-0.673333 33 3842 525
-0.671667 33 3842 525
-0.67 33 3842 525
-0.668333 33 3842 525
-0.666667 33 3842 525
-0.665 35 3808 524
-0.663333 35 3808 524
-0.661667 37 3790 532
-0.66 37 3790 532
-0.658333 32 3760 527
-0.656667 34 3787 530
-0.655 34 3787 530
-0.653333 34 3787 530
-0.651667 34 3787 530
-0.65 34 3787 530
-0.648333 35 3785 537
-0.646667 35 3775 535
-0.645 35 3775 535
-0.643333 35 3775 535
-0.641667 37 3732 534
-0.64 38 3720 539
-0.638333 38 3720 539
-0.636667 38 3720 539
-0.635 36 3714 537
-0.633333 36 3714 537
-0.631667 36 3714 537
-0.63 37 3705 536
-0.628333 37 3705 536
-0.626667 37 3705 536
-0.625 36 3667 528
-0.623333 32 3656 526
-0.621667 32 3656 526
-0.62 32 3656 526
-0.618333 34 3646 526
-0.616667 34 3646 526
-0.615 34 3646 526
-0.613333 34 3635 526
-0.611667 34 3635 526
-0.61 34 3635 526
-0.608333 32 3584 530
-0.606667 37 3576 533
-0.605 37 3576 533
-0.603333 37 3576 533
-0.601667 38 3565 536
-0.6 38 3565 536
-0.598333 38 3565 536
-0.596667 41 3550 536
-0.595 41 3550 536
-0.593333 41 3550 536
-0.591667 41 3544 535
-0.59 37 3521 528
-0.588333 37 3521 528
-0.586667 37 3521 528
-0.585 34 3451 517
-0.583333 34 3451 517
-0.581667 34 3451 517
-0.58 28 3383 513
-0.578333 28 3383 513
-0.576667 28 3383 513
-0.575 26 3311 509
-0.573333 25 3250 510
-0.571667 25 3250 510
-0.57 25 3250 510
-0.568333 24 3240 513
-0.566667 24 3240 513
-0.565 24 3240 513
-0.563333 25 3232 509
-0.561667 25 3232 509
-0.56 32 3283 513
-0.558333 30 3249 508
-0.556667 30 3238 506
-0.555 30 3238 506
-0.553333 30 3238 506
-0.551667 30 3226 506
-0.55 30 3226 506
-0.548333 30 3226 506
-0.546667 28 3213 507
-0.545 28 3213 507
-0.543333 26 3199 510
-0.541667 28 3164 509
-0.54 30 3156 508
-0.538333 30 3156 508
-0.536667 30 3156 508
-0.535 31 3147 507
-0.533333 31 3147 507
-0.531667 31 3147 507
-0.53 30 3134 506
-0.528333 30 3134 506
-0.526667 32 3123 505
-0.525 30 3084 506
-0.523333 32 3073 508
-0.521667 32 3073 508
-0.52 32 3073 508
-0.518333 32 3060 509
-0.516667 32 3060 509
-0.515 32 3060 509
-0.513333 32 3066 508
-0.511667 32 3066 508
-0.51 30 3051 504
-0.508333 34 3057 507
-0.506667 28 3032 499
-0.505 28 3032 499
-0.503333 28 3032 499
-0.501667 25 3018 495
-0.5 25 3018 495
-0.498333 25 3018 495
-0.496667 26 2984 489
-0.495 26 2984 489
-0.493333 28 2922 489
-0.491667 30 2915 487
-0.49 32 2875 489
-0.488333 32 2875 489
-0.486667 32 2875 489
-0.485 32 2836 490
-0.483333 32 2836 490
-0.481667 32 2836 490
-0.48 32 2803 490
-0.478333 32 2803 490
-0.476667 29 2790 488
-0.475 25 2775 489
-0.473333 26 2757 487
-0.471667 26 2757 487
-0.47 26 2757 487
-0.468333 26 2726 486
-0.466667 26 2726 486
-0.465 26 2726 486
-0.463333 24 2696 485
-0.461667 24 2696 485
-0.46 26 2682 484
-0.458333 27 2668 485
-0.456667 29 2657 484
-0.455 29 2657 484
-0.453333 29 2657 484
-0.451667 30 2643 486
-0.45 30 2643 486
-0.448333 30 2643 486
-0.446667 31 2628 490
-0.445 31 2628 490
-0.443333 27 2615 490
-0.441667 27 2603 485
-0.44 26 2589 486
-0.438333 26 2589 486
-0.436667 26 2589 486
-0.435 29 2577 484
-0.433333 29 2577 484
-0.431667 29 2577 484
-0.43 32 2588 485
-0.428333 32 2588 485
-0.426667 34 2575 484
-0.425 31 2517 484
-0.423333 27 2500 485
-0.421667 27 2500 485
-0.42 27 2500 485
-0.418333 25 2509 490
-0.416667 25 2509 490
-0.415 25 2509 490
-0.413333 23 2493 491
-0.411667 23 2493 491
-0.41 21 2447 490
-0.408333 29 2448 494
-0.406667 29 2448 494
-0.405 29 2448 494
-0.403333 29 2448 494
-0.401667 32 2436 493
-0.4 32 2436 493
-0.398333 32 2436 493
-0.396667 35 2423 493
-0.395 35 2423 493
-0.393333 34 2404 490
-0.391667 30 2367 482
-0.39 30 2367 482
-0.388333 30 2367 482
-0.386667 30 2367 482
-0.385 25 2351 479
-0.383333 25 2351 479
-0.381667 25 2351 479
-0.38 21 2336 478
-0.378333 21 2336 478
-0.376667 21 2320 479
-0.375 27 2274 475
-0.373333 27 2274 475
-0.371667 27 2274 475
-0.37 27 2274 475
-0.368333 25 2245 472
-0.366667 25 2245 472
-0.365 25 2245 472
-0.363333 30 2196 468
-0.361667 30 2196 468
-0.36 32 2182 468
-0.358333 29 2130 470
-0.356667 29 2130 470
-0.355 29 2130 470
-0.353333 29 2130 470
-0.351667 30 2094 470
-0.35 30 2094 470
-0.348333 30 2094 470
-0.346667 28 2079 469
-0.345 28 2079 469
-0.343333 30 2062 468
-0.341667 28 2021 464
-0.34 28 2021 464
-0.338333 28 2021 464
-0.336667 30 2006 467
-0.335 30 2006 467
-0.333333 30 2006 467
-0.331667 30 2006 467
-0.33 30 1991 466
-0.328333 30 1991 466
-0.326667 24 1999 467
-0.325 22 1962 466
-0.323333 22 1962 466
-0.321667 20 1948 464
-0.32 20 1948 464
-0.318333 20 1948 464
-0.316667 20 1948 464
-0.315 20 1948 464
-0.313333 23 1936 465
-0.311667 23 1936 465
-0.31 27 1918 465
-0.308333 27 1890 464
-0.306667 27 1890 464
-0.305 29 1879 463
-0.303333 29 1879 463
-0.301667 29 1879 463
-0.3 29 1879 463
-0.298333 29 1879 463
-0.296667 23 1867 459
-0.295 23 1867 459
-0.293333 19 1834 455
-0.291667 22 1808 457
-0.29 22 1808 457
-0.288333 19 1789 458
-0.286667 19 1789 458
-0.285 19 1789 458
-0.283333 19 1789 458
-0.281667 19 1789 458
-0.28 20 1740 459
-0.278333 20 1740 459
-0.276667 23 1705 458
-0.275 23 1690 457
-0.273333 24 1651 453
-0.271667 24 1651 453
-0.27 24 1651 453
-0.268333 24 1651 453
-0.266667 24 1651 453
-0.265 24 1651 453
-0.263333 28 1638 452
-0.261667 28 1638 452
-0.26 25 1614 451
-0.258333 22 1573 449
-0.256667 18 1556 448
-0.255 18 1556 448
-0.253333 18 1556 448
-0.251667 18 1556 448
-0.25 18 1556 448
-0.248333 18 1556 448
-0.246667 18 1542 448
-0.245 18 1542 448
-0.243333 20 1543 449
-0.241667 18 1489 448
-0.24 20 1476 447
-0.238333 20 1476 447
-0.236667 20 1476 447
-0.235 20 1476 447
-0.233333 20 1476 447
-0.231667 20 1476 447
-0.23 19 1458 446
-0.228333 19 1458 446
-0.226667 20 1441 446
-0.225 23 1403 443
-0.223333 23 1385 444
-0.221667 23 1385 444
-0.22 23 1385 444
-0.218333 23 1385 444
-0.216667 23 1385 444
-0.215 23 1385 444
-0.213333 23 1369 444
-0.211667 23 1369 444
-0.21 21 1351 443
-0.208333 19 1292 442
-0.206667 23 1290 442
-0.205 23 1290 442
-0.203333 23 1290 442
-0.201667 23 1290 442
-0.2 23 1290 442
-0.198333 23 1290 442
-0.196667 22 1284 443
-0.195 22 1284 443
-0.193333 25 1271 444
-0.191667 31 1252 444
-0.19 27 1232 444
-0.188333 27 1232 444
-0.186667 27 1232 444
-0.185 27 1232 444
-0.183333 27 1232 444
-0.181667 27 1232 444
-0.18 25 1216 446
-0.178333 25 1216 446
-0.176667 20 1195 446
-0.175 12 1147 443
-0.173333 15 1125 441
-0.171667 15 1125 441
-0.17 15 1125 441
-0.168333 15 1125 441
-0.166667 15 1125 441
-0.165 15 1125 441
-0.163333 17 1095 436
-0.161667 17 1095 436
-0.16 20 1062 432
-0.158333 22 1021 430
-0.156667 20 987 429
-0.155 20 987 429
-0.153333 20 987 429
-0.151667 20 987 429
-0.15 20 987 429
-0.148333 20 987 429
-0.146667 20 956 430
-0.145 20 956 430
-0.143333 23 937 429
-0.141667 23 906 429
-0.14 49 886 429
-0.138333 49 886 429
-0.136667 49 886 429
-0.135 49 886 429
-0.133333 49 886 429
-0.131667 49 886 429
-0.13 50 879 428
-0.128333 50 879 428
-0.126667 50 865 427
-0.125 46 825 428
-0.123333 19 816 428
-0.121667 19 816 428
-0.12 19 816 428
-0.118333 19 816 428
-0.116667 19 816 428
-0.115 19 816 428
-0.113333 17 795 428
-0.111667 17 795 428
-0.11 16 775 428
-0.108333 14 728 426
-0.106667 16 710 426
-0.105 16 710 426
-0.103333 16 710 426
-0.101667 16 710 426
-0.1 16 710 426
-0.0983334 16 710 426
-0.0966667 16 694 425
-0.095 16 694 425
-0.0933333 19 678 425
-0.0916666 19 644 424
-0.09 21 628 424
-0.0883333 21 628 424
-0.0866666 21 628 424
-0.085 21 628 424
-0.0833333 21 628 424
-0.0816666 21 628 424
-0.08 21 608 424
-0.0783333 21 608 424
-0.0766667 16 576 422
-0.075 19 549 424
-0.0733333 18 526 424
-0.0716667 18 526 424
-0.07 18 526 424
-0.0683333 18 526 424
-0.0666667 18 526 424
-0.065 18 526 424
-0.0633333 16 498 423
-0.0616667 16 498 423
-0.06 17 481 423
-0.0583333 16 439 421
-0.0566667 16 415 420
-0.055 16 415 420
-0.0533333 16 415 420
-0.0516667 16 415 420
-0.05 16 415 420
-0.0483333 16 415 420
-0.0466667 20 400 421
-0.045 20 400 421
-0.0433334 18 360 420
-0.0416667 21 339 417
-0.04 18 321 418
-0.0383334 18 321 418
-0.0366667 18 321 418
-0.035 18 321 418
-0.0333334 18 321 418
-0.0316667 18 321 418
-0.03 16 301 417
-0.0283333 16 301 417
-0.0266666 23 259 417
-0.025 21 237 417
-0.0233333 21 215 416
-0.0216666 21 215 416
-0.02 21 215 416
-0.0183333 21 215 416
-0.0166667 21 215 416
-0.015 21 215 416
-0.0133333 21 200 416
-0.0116667 21 200 416
-0.00999999 21 186 416
-0.00833333 16 152 416
-0.00666666 18 140 417
-0.005 18 140 417
-0.00333333 18 140 417
-0.00166667 18 140 417
0 18 140 417
0.00166667 18 140 417
0.00333333 14 119 416
0.005 14 119 416
0.00666666 9 85 416
0.00833333 7 69 416
0.00999999 5 49 416
0.0116667 5 49 416
0.0133333 5 49 416
0.015 5 49 416
0.0166667 5 49 416
0.0183333 5 49 416
0.02 5 37 416
0.0216666 5 37 416
0.0233333 8 18 415
0.025 14 9 415
0.0266666 21 2 415
0.0283333 21 2 415
0.03 21 2 415
0.0316666 21 2 415
0.0333333 21 2 415
0.035 21 2 415
0.0366666 37 2 415
0.0383333 37 2 415
0.04 71 1 416
0.0416666 89 1 417
0.0433333 109 5 417
0.045 109 5 417
0.0466666 109 5 417
0.0483333 109 5 417
0.05 109 5 417
0.0516666 109 5 417
0.0533333 128 8 418
0.0549999 128 8 418
0.0566666 170 14 417
0.0583333 182 15 417
0.0599999 197 10 419
0.0616666 197 10 419
0.0633334 197 10 419
0.0650001 197 10 419
0.0666667 197 10 419
0.0683334 212 10 419
0.0700001 212 10 419
0.0716667 212 10 419
0.0733334 239 14 421
0.075 261 14 422
0.0766667 280 16 421
0.0783334 280 16 421
0.08 280 16 421
0.0816667 280 16 421
0.0833334 280 16 421
0.085 298 15 423
0.0866667 298 15 423
0.0883334 298 15 423
0.09 338 15 425
0.0916667 353 19 426
0.0933334 373 23 426
0.095 373 23 426
0.0966667 373 23 426
0.0983334 373 23 426
0.1 373 23 426
0.101667 386 27 426
0.103333 386 27 426
0.105 386 27 426
0.106667 413 31 427
0.108333 441 27 425
0.11 457 21 427
0.111667 457 21 427
0.113333 457 21 427
0.115 457 21 427
0.116667 457 21 427
0.118333 480 19 426
0.12 480 19 426
0.121667 480 19 426
0.123333 532 11 425
0.125 553 12 426
0.126667 576 16 425
0.128333 576 16 425
0.13 576 16 425
0.131667 576 16 425
0.133333 576 16 425
0.135 596 13 426
0.136667 596 13 426
0.138333 596 13 426
0.14 643 8 429
0.141667 652 7 429
0.143333 670 3 430
0.145 670 3 430
0.146667 670 3 430
0.148333 670 3 430
0.15 670 3 430
0.151667 693 7 430
0.153333 693 7 430
0.155 693 7 430
0.156667 734 12 431
0.158333 757 14 431
0.16 782 15 431
0.161667 782 15 431
0.163333 782 15 431
0.165 782 15 431
0.166667 782 15 431
0.168333 811 11 431
0.17 811 11 431
0.171667 811 11 431
0.173333 866 13 433
0.175 885 10 434
0.176667 903 11 436
0.178333 903 11 436
0.18 903 11 436
0.181667 903 11 436
0.183333 903 11 436
0.185 924 10 437
0.186667 924 10 437
0.188333 924 10 437
0.19 946 3 437
0.191667 970 5 437
0.193333 1005 5 438
0.195 1005 5 438
0.196667 1005 5 438
0.198333 1005 5 438
0.2 1005 5 438
0.201667 1029 5 440
0.203333 1029 5 440
0.205 1029 5 440
0.206667 1071 11 468
0.208333 1093 13 469
0.21 1091 14 467
0.211667 1091 14 467
0.213333 1091 14 467
0.215 1091 14 467
0.216667 1091 14 467
0.218333 1095 18 465
0.22 1095 18 465
0.221667 1095 18 465
0.223333 1127 18 438
0.225 1132 16 438
0.226667 1148 14 439
0.228333 1148 14 439
0.23 1148 14 439
0.231667 1148 14 439
0.233333 1148 14 439
0.235 1168 14 441
0.236667 1168 14 441
0.238333 1168 14 441
0.24 1206 12 443
0.241667 1226 12 443
0.243333 1249 14 444
0.245 1249 14 444
0.246667 1249 14 444
0.248333 1249 14 444
0.25 1249 14 444
0.251667 1271 12 446
0.253333 1271 12 446
0.255 1271 12 446
0.256667 1319 11 448
0.258333 1337 11 450
0.26 1356 11 451
0.261667 1356 11 451
0.263333 1356 11 451
0.265 1356 11 451
0.266667 1356 11 451
0.268333 1380 11 451
0.27 1380 11 451
0.271667 1380 11 451
0.273333 1419 9 451
0.275 1441 10 451
0.276667 1481 12 454
0.278333 1481 12 454
0.28 1481 12 454
0.281667 1481 12 454
0.283333 1481 12 454
0.285 1502 13 456
0.286667 1502 13 456
0.288333 1502 13 456
0.29 1537 14 460
0.291667 1559 16 461
0.293333 1583 12 462
0.295 1583 12 462
0.296667 1583 12 462
0.298333 1583 12 462
0.3 1583 12 462
0.301667 1608 12 463
0.303333 1608 12 463
0.305 1608 12 463
0.306667 1658 11 466
0.308333 1698 9 469
0.31 1713 11 468
0.311667 1713 11 468
0.313333 1713 11 468
0.315 1713 11 468
0.316667 1713 11 468
0.318333 1711 10 465
0.32 1711 10 465
0.321667 1711 10 465
0.323333 1747 11 463
0.325 1754 9 459
0.326667 1753 9 457
0.328333 1753 9 457
0.33 1753 9 457
0.331667 1753 9 457
0.333333 1753 9 457
0.335 1778 10 458
0.336667 1778 10 458
0.338333 1778 10 458
0.34 1795 8 445
0.341667 1788 7 445
0.343333 1801 7 446
0.345 1801 7 446
0.346667 1801 7 446
0.348333 1801 7 446
0.35 1801 7 446
0.351667 1822 7 449
0.353333 1822 7 449
0.355 1822 7 449
0.356667 1883 7 466
0.358333 1907 9 468
0.36 1946 8 472
0.361667 1946 8 472
0.363333 1946 8 472
0.365 1946 8 472
0.366667 1946 8 472
0.368333 1971 9 473
0.37 1971 9 473
0.371667 1971 9 473
0.373333 1983 12 472
0.375 2005 11 473
0.376667 2029 13 474
0.378333 2029 13 474
0.38 2029 13 474
0.381667 2029 13 474
0.383333 2029 13 474
0.385 2051 10 476
0.386667 2051 10 476
0.388333 2051 10 476
0.39 2096 10 480
0.391667 2140 13 485
0.393333 2161 11 484
0.395 2161 11 484
0.396667 2161 11 484
0.398333 2161 11 484
0.4 2161 11 484
0.401667 2150 15 481
0.403333 2150 15 481
0.405 2150 15 481
0.406667 2198 16 487
0.408333 2225 13 486
0.41 2249 15 492
0.411667 2249 15 492
0.413333 2249 15 492
0.415 2249 15 492
0.416667 2249 15 492
0.418333 2271 16 491
0.42 2271 16 491
0.421667 2271 16 491
0.423333 2325 16 492
0.425 2350 18 496
0.426667 2388 21 493
0.428333 2388 21 493
0.43 2388 21 493
0.431667 2388 21 493
0.433333 2388 21 493
0.435 2413 18 494
0.436667 2413 18 494
0.438333 2413 18 494
0.44 2420 14 490
0.441667 2418 12 485
0.443333 2390 10 485
0.445 2390 10 485
0.446667 2390 10 485
0.448333 2390 10 485
0.45 2390 10 485
0.451667 2413 14 487
0.453333 2413 14 487
0.455 2413 14 487
0.456667 2461 18 489
0.458333 2457 16 489
0.46 2480 16 490
0.461667 2480 16 490
0.463333 2480 16 490
0.465 2480 16 490
0.466667 2480 16 490
0.468333 2504 12 493
0.47 2504 12 493
0.471667 2504 12 493
0.473333 2527 14 492
0.475 2541 16 493
0.476667 2565 16 494
0.478333 2565 16 494
0.48 2565 16 494
0.481667 2565 16 494
0.483333 2565 16 494
0.485 2603 19 495
0.486667 2603 19 495
0.488333 2603 19 495
0.49 2635 22 501
0.491667 2682 23 507
0.493333 2707 25 510
0.495 2707 25 510
0.496667 2707 25 510
0.498333 2707 25 510
0.5 2707 25 510
0.501667 2705 21 506
0.503333 2705 21 506
0.505 2705 21 506
0.506667 2737 18 500
0.508333 2762 16 503
0.51 2800 12 496
0.511667 2800 12 496
0.513333 2800 12 496
0.515 2800 12 496
0.516667 2800 12 496
0.518333 2798 11 497
0.52 2798 11 497
0.521667 2798 11 497
0.523333 2815 14 504
0.525 2842 16 503
0.526667 2813 21 505
0.528333 2813 21 505
0.53 2813 21 505
0.531667 2813 21 505
0.533333 2813 21 505
0.535 2831 21 507
0.536667 2831 21 507
0.538333 2831 21 507
0.54 2910 17 511
0.541667 2934 17 512
0.543333 2955 15 514
0.545 2955 15 514
0.546667 2955 15 514
0.548333 2955 15 514
0.55 2955 15 514
0.551667 2980 19 516
0.553333 2980 19 516
0.555 2980 19 516
0.556667 3029 21 519
0.558333 3007 20 515
0.56 3033 19 516
0.561667 3033 19 516
0.563333 3033 19 516
0.565 3033 19 516
0.566667 3088 16 522
0.568333 3088 16 522
0.57 3088 16 522
0.571667 3088 16 522
0.573333 3115 13 517
0.575 3141 13 521
0.576667 3167 16 523
0.578333 3167 16 523
0.58 3167 16 523
0.581667 3167 16 523
0.583333 3167 16 523
0.585 3192 14 523
0.586667 3192 14 523
0.588333 3192 14 523
0.59 3251 14 530
0.591667 3272 14 531
0.593333 3311 12 528
0.595 3311 12 528
0.596667 3311 12 528
0.598333 3311 12 528
0.6 3320 16 525
0.601667 3320 16 525
0.603333 3320 16 525
0.605 3320 16 525
0.606667 3324 20 516
0.608333 3352 20 517
0.61 3353 21 517
0.611667 3353 21 517
0.613333 3353 21 517
0.615 3353 21 517
0.616667 3353 21 517
0.618333 3349 18 515
0.62 3349 18 515
0.621667 3344 15 515
0.623333 3390 14 524
0.625 3413 15 530
0.626667 3416 13 528
0.628333 3416 13 528
0.63 3416 13 528
0.631667 3416 13 528
0.633333 3416 13 528
0.635 3432 15 531
0.636667 3432 15 531
0.638333 3432 15 531
0.64 3455 19 535
0.641667 3437 19 524
0.643333 3445 22 530
0.645 3445 22 530
0.646667 3445 22 530
0.648333 3445 22 530
0.65 3474 23 533
0.651667 3474 23 533
0.653333 3474 23 533
0.655 3529 25 538
0.656667 3561 20 538
0.658333 3579 20 541
0.66 3607 21 543
0.661667 3607 21 543
0.663333 3607 21 543
0.665 3607 21 543
0.666667 3630 21 544
0.668333 3630 21 544
0.67 3630 21 544
0.671667 3678 25 549
0.673333 3678 25 549
0.675 3701 23 551
0.676667 3757 25 558
0.678333 3757 25 558
0.68 3757 25 558
0.681667 3757 25 558
0.683333 3787 21 559
0.685 3787 21 559
0.686667 3787 21 559
0.688333 3783 17 555
0.69 3783 17 555
0.691667 3810 21 558
0.693333 3841 19 554
0.695 3841 19 554
0.696667 3841 19 554
0.698333 3841 19 554
0.7 3871 19 560
0.701667 3871 19 560
0.703333 3871 19 560
0.705 3915 24 558
0.706667 3915 24 558
0.708333 3975 21 557
0.71 3975 19 557
0.711667 3975 19 557
0.713333 3975 19 557
0.715 3975 19 557
0.716667 3938 21 547
0.718333 3938 21 547
0.72 3938 21 547
0.721667 3969 20 549
0.723333 3969 20 549
0.725 3971 19 546
0.726667 3976 17 541
0.728333 3976 17 541
0.73 3976 17 541
0.731667 3976 17 541
0.733333 4001 19 546
0.735 4001 19 546
0.736667 4001 19 546
0.738333 4019 18 551
0.74 4019 18 551
0.741667 4023 18 548
0.743333 4033 20 558
0.745 4033 20 558
0.746667 4033 20 558
0.748333 4033 20 558
0.75 4062 20 556
0.751667 4062 20 556
0.753333 4062 20 556
0.755 4116 24 557
0.756667 4116 24 557
0.758333 4117 24 564
0.76 4139 25 563
0.761667 4139 25 563
0.763333 4139 25 563
0.765 4139 25 563
0.766667 4164 24 572
0.768333 4164 24 572
0.77 4164 24 572
0.771667 4216 23 573
0.773333 4216 23 573
0.775 4221 25 568
0.776667 4253 22 565
0.778333 4253 22 565
0.78 4253 22 565
0.781667 4253 22 565
0.783333 4284 19 559
0.785 4284 19 559
0.786667 4284 19 559
0.788333 4255 19 551
0.79 4279 20 561
0.791667 4347 23 573
0.793333 4373 24 575
0.795 4373 24 575
0.796667 4373 24 575
0.798333 4373 24 575
0.8 4373 25 567
0.801667 4373 25 567
0.803333 4373 25 567
0.805 4386 25 575
0.806667 4421 25 568
0.808333 4448 23 569
0.81 4478 22 575
0.811667 4478 22 575
0.813333 4478 22 575
0.815 4478 22 575
0.816667 4475 24 579
0.818333 4475 24 579
0.82 4475 24 579
0.821667 4530 21 576
0.823333 4530 21 576
0.825 4549 24 579
0.826667 4505 28 568
0.828333 4505 28 568
0.83 4505 28 568
0.831667 4505 28 568
0.833333 4523 25 570
0.835 4523 25 570
0.836667 4523 25 570
0.838333 4502 23 572
0.84 4502 23 572
0.841667 4501 20 560
0.843333 4527 18 563
0.845 4527 18 563
0.846667 4527 18 563
0.848333 4527 18 563
0.85 4548 22 571
0.851667 4548 22 571
0.853333 4548 22 571
0.855 4622 23 570
0.856667 4622 23 570
0.858333 4640 23 564
0.86 4681 18 563
0.861667 4681 18 563
0.863333 4681 18 563
0.865 4681 18 563
0.866667 4755 14 563
0.868333 4755 14 563
0.87 4755 14 563
0.871667 4812 11 556
0.873333 4812 11 556
0.875 4839 19 573
0.876667 4839 19 573
0.878333 4839 19 573
0.88 4839 19 573
0.881667 4839 19 573
0.883333 4850 19 569
0.885 4850 19 569
0.886667 4850 19 569
0.888333 4851 21 569
0.89 4879 21 571
0.891667 4942 16 572
0.893333 4942 16 572
0.895 4942 16 572
0.896667 4942 16 572
0.898333 4942 16 572
0.9 4947 17 569
0.901667 4947 17 569
0.903333 4947 17 569
0.905 4949 16 568
0.906667 4949 16 568
0.908333 4972 19 559
0.91 4972 19 559
0.911667 4972 19 559
0.913333 4972 19 559
0.915 4972 19 559
0.916667 4970 23 566
0.918333 4970 23 566
0.92 4970 23 566
0.921667 4977 24 573
0.923333 4977 24 573
0.925 5010 28 587
0.926667 5010 28 587
0.928333 5010 28 587
0.93 5010 28 587
0.931667 5010 28 587
0.933333 5013 26 585
0.935 5013 26 585
0.936667 5013 26 585
0.938333 5099 24 595
0.94 5099 24 595
0.941667 5113 21 591
0.943333 5113 21 591
0.945 5113 21 591
0.946667 5113 21 591
0.948333 5113 21 591
0.95 5120 25 594
0.951667 5120 25 594
0.953333 5120 25 594
0.955 5166 25 590
0.956667 5132 22 587
0.958333 5164 22 582
0.96 5164 22 582
0.961667 5164 22 582
0.963333 5164 22 582
0.965 5164 22 582
0.966667 5245 20 592
0.968333 5245 20 592
0.97 5245 20 592
0.971667 5325 27 596
0.973333 5352 30 598
0.975 5422 34 606
0.976667 5422 34 606
0.978333 5422 34 606
0.98 5422 34 606
0.981667 5422 34 606
0.983333 5445 30 598
0.985 5445 30 598
0.986667 5445 30 598
0.988333 5471 23 590
0.99 5504 21 593
0.991667 5512 20 593
0.993333 5512 20 593
0.995 5512 20 593
0.996667 5512 20 593
0.998333 5512 20 593
